12 10
19 11
26 13
34 16
42 20
49 24
55 28
59 32
63 35
66 38
68 41
69 44
70 47
71 51
71 55
72 60
71 66
70 70
68 74
64 78
58 80
50 81
40 80
30 76
20 71
11 63
6 54
4 45
5 36
11 27
22 18
38 12
54 11
70 14
84 20
96 28
105 38
112 46
115 54
117 59
119 65
120 69
120 74
119 79
116 84
113 90
109 94
105 99
102 102
100 104
99 105
99 105
104 110
112 120
118 129
120 137
120 144
116 149
105 154
88 157
67 158
45 155
27 147
13 135
6 119
3 100
5 79
13 60
27 44
42 34
60 30
77 31
92 38
106 51
115 67
122 84
125 102
126 119
124 133
118 146
107 156
92 162
76 164
61 161
52 153
46 140
44 124
47 108
57 93
69 82
83 75
99 72
115 74
131 83
143 98
150 113
153 128
152 142
145 154
131 162
115 166
98 166
83 160
71 149
64 134
62 118
64 103
71 92
82 84
94 79
107 78
119 81
128 89
135 99
139 109
141 118
140 125
133 130
122 132
107 132
92 127
80 117
71 102
67 84
68 69
73 56
82 47
92 43
103 45
113 52
122 64
128 77
131 87
131 96
129 101
121 104
111 104
101 101
91 93
83 80
81 64
82 49
88 36
96 29
104 27
113 31
121 40
125 50
128 58
129 64
128 68
124 70
117 70
108 69
98 64
91 58
86 51
84 43
86 36
92 31
101 29
111 30
119 35
125 41
128 47
129 53
127 58
121 62
111 64
102 65
95 65
89 62
87 57
87 52
92 47
103 43
115 43
127 47
138 56
144 68
147 83
147 96
144 110
135 121
125 129
113 132
100 133
89 129
81 119
76 105
74 92
74 81
77 73
80 69
85 69
92 74
98 86
102 102
104 115
105 124
105 130
105 134
104 135
104 135
104 132
104 128
104 122
104 118
104 115
104 114
